-,-,-
-21.240234, 9.765625, 984.375000
-21.240234, 20.019531, 1003.417969
-24.658203, 18.554688, 1002.441406
-29.052734, 10.742188, 992.187500
-,-,-
-20.263672, 11.718750, 993.652344
-9.521484, 31.250000, 995.605469
-109.619141, 131.835938, 953.613281
-21.240234, 19.042969, 997.558594
-21.240234, 21.484375, 994.140625
-23.193359, 13.671875, 991.210938
-24.169922, 20.019531, 992.187500
-19.287109, 19.531250, 991.210938
-22.216797, 25.390625, 1007.812500
-21.240234, 20.507812, 992.187500
-21.240234, 20.507812, 995.605469
-19.287109, 15.136719, 1005.859375
-24.169922, 18.554688, 985.351562
-25.634766, 18.066406, 1011.718750
-21.240234, 11.718750, 996.582031
-26.611328, 17.578125, 1003.417969
-24.169922, 20.507812, 998.535156
-105.224609, 11.718750, 1003.417969
-31.005859, 10.742188, 993.164062
-21.240234, 18.066406, 1000.488281
-17.822266, 17.089844, 1002.441406
-20.263672, 13.671875, 995.605469
-34.423828, 21.972656, 997.558594
-,-,-
-16.357422, 18.066406, 1016.601562
-21.240234, 13.671875, 997.558594
-20.263672, 15.136719, 1001.464844
-21.240234, 16.113281, 990.234375
-28.564453, 3.417969, 991.210938
-25.634766, 35.156250, 999.511719
-19.287109, 19.531250, 991.210938
-20.751953, 19.042969, 996.582031
-,-,-
-26.611328, 15.625000, 990.234375
-15.869141, 21.484375, 991.210938
-44.189453, 5.859375, 999.511719
-15.869141, 14.648438, 991.210938
-23.193359, 14.648438, 994.628906
-15.380859, 20.019531, 1010.742188
-23.193359, 21.484375, 1002.441406
-20.263672, 11.718750, 1001.464844
-22.705078, 17.089844, 1009.765625
-21.240234, 14.160156, 993.164062
-21.240234, 20.019531, 991.210938
-19.287109, 14.648438, 1000.488281
-16.845703, 11.718750, 1002.441406
-15.869141, 20.507812, 1002.441406
-22.216797, 17.578125, 1003.906250
-18.310547, 19.531250, 996.582031
-23.193359, 24.414062, 989.257812
-21.240234, 18.066406, 995.117188
-20.751953, 17.578125, 1007.812500
-15.869141, 20.019531, 1001.464844
-24.658203, 20.996094, 999.511719
-22.216797, 18.066406, 1000.488281
-17.822266, 16.113281, 988.281250
-23.193359, 21.484375, 1002.929688
-22.216797, 14.648438, 1002.929688
-20.263672, 17.089844, 990.234375
-19.287109, 15.625000, 999.511719
-17.822266, 14.648438, 980.468750
-16.845703, 16.601562, 1001.464844
-23.193359, 17.578125, 1002.929688
-11.474609, 24.414062, 997.558594
-,-,-
-10.498047, 34.179688, 991.210938
-44.677734, 14.648438, 997.558594
-24.169922, 18.554688, 1014.648438
-24.169922, 18.066406, 991.210938
-24.169922, 13.671875, 991.699219
-28.076172, 31.250000, 991.210938
-16.845703, 18.066406, 1000.488281
-25.634766, 17.578125, 994.628906
-,-,-
-20.751953, 20.019531, 1003.417969
-26.123047, 29.296875, 989.257812
-16.357422, 31.250000, 985.351562
-22.216797, 23.437500, 1008.789062
-17.822266, 15.625000, 996.582031
-27.587891, 12.695312, 1001.464844
-,-,-
-11.474609, -4.638672, 1004.394531
-21.240234, 20.507812, 1002.441406
-21.240234, 8.789062, 993.164062
-23.193359, 17.089844, 1013.671875
-20.263672, 24.414062, 1002.441406
-,-,-
-31.982422, 18.066406, 1004.882812
-22.216797, 37.109375, 994.628906
-27.587891, 9.765625, 1002.929688
-30.029297, 35.156250, 995.605469
-17.822266, 15.625000, 1006.835938
-25.634766, 14.648438, 994.140625
-22.216797, 21.972656, 1002.441406
-23.193359, 20.996094, 1002.441406
-27.587891, 17.089844, 992.187500
-25.634766, 12.695312, 987.304688
-23.681641, 16.601562, 1002.441406
-17.333984, 14.648438, 993.164062
-27.099609, 13.183594, 1000.488281
-21.240234, 13.671875, 1001.464844
-18.310547, 16.113281, 999.511719
-24.169922, 16.601562, 999.511719
-31.005859, 10.742188, 1009.765625
-22.216797, 21.484375, 999.511719
-23.193359, 17.578125, 991.699219
0.000000, 6.835938, 1001.464844
-25.634766, 20.019531, 1026.367188
-31.494141, 28.320312, 1017.578125
-33.447266, 32.226562, 996.582031
-20.263672, 26.367188, 966.796875
-,-,-
-884.521484, -166.748047, 397.460938
-974.365234, -141.357422, 404.296875
-826.416016, -90.576172, 435.546875
-935.302734, -167.724609, 453.125000
-877.685547, -88.623047, 448.730469
-861.572266, -265.380859, 446.777344
-904.052734, -179.443359, 442.382812
-853.271484, -153.076172, 446.777344
-917.724609, -326.904297, 470.703125
-836.669922, -142.333984, 430.664062
-874.267578, -186.279297, 439.453125
-,-,-
-610.595703, -93.505859, 1076.171875
-256.591797, -31.005859, 975.585938
43.945312, -58.837891, 748.535156
-321.533203, 17.089844, 1111.328125
-196.533203, -20.751953, 1042.968750
-92.041016, 117.675781, 1116.210938
-234.130859, 57.128906, 1091.308594
150.390625, -128.662109, 955.078125
198.730469, -118.408203, 953.125000
275.878906, 87.890625, 748.046875
207.519531, 39.550781, 1031.738281
317.871094, -32.958984, 911.132812
-,-,-
549.804688, -61.767578, 789.062500
599.609375, 17.089844, 896.484375
659.179688, 27.343750, 969.726562
-,-,-
443.359375, -16.357422, 894.531250
536.621094, 4.882812, 969.238281
341.796875, 162.597656, 1223.144531
316.894531, -34.912109, 797.363281
-,-,-
-128.662109, -180.908203, 883.789062
-322.998047, 100.097656, 849.609375
-273.193359, -155.517578, 824.218750
-256.591797, -247.802734, 820.312500
-433.837891, 18.066406, 895.507812
-452.880859, -209.716797, 729.492188
-716.064453, -198.974609, 1036.621094
-,-,-
38.085938, -133.544922, 972.656250
-78.369141, 28.320312, 1157.226562
-136.474609, -119.873047, 1323.730469
-,-,-
38.085938, 215.820312, 1187.011719
216.308594, -40.283203, 921.875000
137.695312, 137.207031, 914.062500
90.820312, 84.960938, 948.242188
152.343750, 81.542969, 1127.441406
-,-,-
-229.736328, 951.171875, 1986.328125
-58.837891, 229.492188, 982.421875
-118.408203, 359.863281, 1076.171875
-32.470703, 242.187500, 914.062500
-130.615234, 109.375000, 1084.960938
-56.884766, 194.824219, 985.351562
-18.798828, 126.953125, 958.007812
-90.576172, 157.714844, 986.328125
-65.185547, 143.554688, 994.628906
-52.978516, 114.257812, 1015.625000
-80.810547, 155.273438, 999.511719
-49.560547, 136.718750, 984.375000
-54.443359, 146.484375, 974.609375
-68.603516, 132.812500, 975.585938
-44.189453, 117.187500, 983.398438
-77.392578, 139.160156, 994.140625
-44.677734, 112.304688, 974.609375
-47.607422, 135.742188, 985.351562
-72.021484, 127.929688, 982.421875
-45.654297, 130.859375, 977.539062
-51.025391, 134.277344, 987.304688
-72.998047, 128.906250, 987.304688
-64.208984, 96.679688, 987.792969
-73.974609, 158.691406, 983.398438
-60.302734, 140.136719, 978.515625
-65.185547, 124.023438, 983.398438
-65.185547, 127.929688, 987.304688
-66.162109, 141.601562, 983.398438
-61.767578, 104.492188, 988.281250
-84.716797, 100.585938, 982.421875
-40.283203, 118.652344, 982.421875
-51.025391, 75.195312, 1007.812500
-,-,-
-133.544922, 218.261719, 966.308594
-73.974609, 135.253906, 973.632812
33.691406, 64.453125, 936.523438
13.671875, 79.589844, 988.281250
-,-,-
-64.208984, 245.117188, 965.332031
-20.263672, 105.468750, 995.605469
-,-,-
-20.751953, 95.703125, 931.152344
-10.498047, 52.734375, 1021.972656
-,-,-
-197.021484, 93.750000, 1002.441406
-185.302734, 78.613281, 1018.554688
-197.509766, 94.238281, 941.406250
-287.353516, 147.460938, 909.179688
-244.873047, 136.230469, 963.378906
-255.126953, 112.304688, 933.105469
-196.533203, 147.460938, 1029.785156
-239.990234, 131.835938, 935.546875
-236.572266, 97.656250, 942.382812
-231.689453, 132.812500, 965.332031
-215.087891, 157.226562, 982.421875
-229.736328, 117.675781, 937.500000
-244.384766, 110.351562, 1007.812500
-214.111328, 106.445312, 928.710938
-190.673828, 131.835938, 990.234375
-,-,-
-235.107422, 187.500000, 964.355469
-212.158203, 231.445312, 898.925781
-197.021484, 169.921875, 989.257812
-,-,-
-225.341797, 211.914062, 1003.417969
-191.650391, 235.351562, 936.523438
-188.232422, 192.382812, 1005.859375
-,-,-
-229.248047, 220.703125, 931.152344
-202.392578, 21.484375, 1029.785156
-203.857422, 215.820312, 948.242188
-209.716797, 165.039062, 942.382812
-,-,-
-156.494141, 307.617188, 1021.484375
-271.240234, 316.406250, 940.429688
-255.615234, 218.261719, 940.429688
-,-,-
-20.263672, 115.234375, 948.242188
-30.029297, 76.660156, 1024.414062
-34.423828, 101.562500, 975.585938
-20.263672, 108.398438, 994.628906
-25.634766, 85.937500, 993.164062
-23.681641, 81.054688, 1007.812500
-37.841797, -31.982422, 947.753906
-,-,-
-14.892578, 19.042969, 1058.105469
-22.216797, 91.796875, 964.355469
-24.658203, 71.289062, 972.656250
-24.658203, 39.550781, 994.140625
-29.052734, 35.644531, 1021.484375
-18.310547, -2.685547, 956.054688
-,-,-
-7.080078, -2.685547, 1086.914062
-70.556641, 37.597656, 935.058594
-45.166016, 56.640625, 975.585938
-,-,-
-27.587891, 23.437500, 1039.062500
-26.123047, 35.156250, 973.632812
-25.634766, 38.574219, 984.375000
-,-,-
4.882812, 7.324219, 1000.488281
-21.240234, 19.042969, 1008.789062
-21.240234, 19.042969, 994.140625
-20.263672, 17.578125, 991.210938
-20.263672, 16.113281, 1008.789062
-,-,-
4.882812, 0.488281, 1005.859375
-24.658203, 17.578125, 999.511719
-14.404297, 18.066406, 1006.835938
-32.470703, 20.996094, 1012.695312
-23.193359, 19.042969, 988.281250
-24.169922, 20.019531, 1000.488281
-20.263672, 16.601562, 1000.488281
-20.263672, 19.042969, 998.535156
-17.822266, 14.648438, 1009.765625
-23.193359, 19.042969, 998.535156
-24.658203, 19.042969, 996.582031
-31.005859, 20.019531, 1004.394531
-22.216797, 20.019531, 989.257812
-20.263672, 17.089844, 1002.441406
-22.216797, 19.042969, 1001.464844
-18.798828, 17.089844, 1000.488281
-23.193359, 15.625000, 993.164062
-26.611328, 20.019531, 992.187500
-24.169922, 19.531250, 985.351562
-19.287109, 18.066406, 998.535156
-24.169922, 21.484375, 991.210938
-42.236328, 17.089844, 993.164062
-19.775391, 20.019531, 991.210938
-18.310547, 15.625000, 999.511719
-23.193359, 22.460938, 1003.906250
-25.634766, 16.113281, 997.558594
-21.240234, 18.066406, 1011.718750
-30.029297, 13.671875, 995.605469
-23.193359, 13.671875, 993.164062
-19.287109, 24.414062, 1006.835938
-,-,-
-26.611328, 0.488281, 1010.742188
-18.310547, 17.578125, 993.164062
-18.798828, 20.996094, 991.210938
-22.705078, 15.625000, 1010.742188
-25.634766, 7.812500, 1001.464844
-22.705078, 15.625000, 1001.464844
-,-,-
-16.845703, -1.708984, 979.492188
-24.169922, 20.019531, 1000.488281
-20.263672, 19.042969, 999.023438
-,-,-
7.324219, 9.765625, 984.375000
-21.240234, 11.718750, 995.117188
-103.759766, 0.488281, 1013.671875
-,-,-
10.253906, -4.638672, 1003.417969
-28.076172, 15.625000, 999.511719
-10.498047, 18.066406, 997.558594
-,-,-
-23.193359, 17.089844, 1004.882812
-72.998047, -7.568359, 1011.718750
-31.005859, 0.488281, 990.234375
-4.638672, 39.550781, 990.234375
-,-,-
-22.705078, -0.244141, 1010.742188
-16.357422, 10.742188, 988.281250
-,-,-
-35.400391, 0.000000, 1002.441406
-22.216797, 11.718750, 1008.789062
-,-,-
-30.517578, -1.708984, 1001.464844
-29.052734, 13.671875, 1008.789062
-,-,-
-12.939453, 1.464844, 1004.394531
-20.263672, 13.183594, 996.582031
-25.634766, 23.437500, 1001.464844
-18.310547, 6.835938, 1003.417969
-17.822266, 20.019531, 992.187500
-35.400391, 29.296875, 1001.464844
-22.216797, 13.671875, 995.605469
-22.216797, 19.042969, 992.187500
-,-,-
12.695312, 18.066406, 1012.695312
-27.587891, 11.718750, 1000.488281
-29.052734, 15.625000, 1005.859375
-19.287109, 14.648438, 997.558594
-,-,-
-15.869141, 14.648438, 992.187500
-33.447266, 13.183594, 1006.835938
-37.353516, 4.394531, 995.117188
-13.427734, 10.742188, 1005.859375
-21.240234, 20.019531, 996.582031
-,-,-
6.347656, 8.789062, 1035.644531
-42.724609, -2.685547, 1000.488281
-22.216797, 13.671875, 990.234375
-,-,-
187.011719, 166.503906, 1007.812500
-24.658203, 7.812500, 1000.488281
-17.822266, 14.648438, 996.582031
-26.123047, 12.695312, 999.511719
-23.193359, 19.042969, 1009.765625
-24.658203, 20.019531, 1001.464844
-23.681641, 20.019531, 1010.742188
-20.263672, 18.066406, 1002.441406
-26.611328, 19.042969, 1001.464844
-24.658203, 17.578125, 1008.789062
-20.263672, 19.042969, 1000.488281
-28.564453, 19.531250, 1004.394531
-24.169922, 21.484375, 999.511719
-23.681641, 9.765625, 990.234375
-25.634766, 17.089844, 1008.789062
-24.169922, 21.484375, 1000.488281
-25.146484, 17.578125, 988.281250
-23.193359, 14.648438, 998.535156
-22.705078, 17.089844, 1002.929688
-25.634766, 19.531250, 994.628906
-25.146484, 19.042969, 996.582031
-29.052734, 17.089844, 996.582031
-27.587891, 16.601562, 984.375000
-,-,-
-26.611328, -23.681641, 997.558594
-55.908203, -0.732422, 993.652344
-25.634766, 4.882812, 991.699219
-29.052734, 18.066406, 998.535156
-21.240234, 14.648438, 1005.859375
